\addplot[pink] coordinates {(0,849)(1,240)(2,129)(3,97)(4,24)(5,24)(6,24)(7,24)(8,24)(9,24)(10,24)(11,24)(12,24)(13,24)(14,24)(15,24)(16,24)(17,24)(18,24)(19,24)(20,24)(21,24)(22,24)(23,24)(24,24)};
\addplot[pink] coordinates {(0,784)(1,365)(2,178)(3,95)(4,81)(5,30)(6,30)(7,30)(8,30)(9,30)(10,30)(11,30)(12,30)(13,30)(14,30)(15,30)(16,30)(17,30)(18,30)(19,30)(20,30)(21,30)(22,30)(23,30)(24,30)};
\addplot[pink] coordinates {(0,457)(1,187)(2,762)(3,135)(4,22)(5,22)(6,22)(7,22)(8,22)(9,22)(10,22)(11,22)(12,22)(13,22)(14,22)(15,22)(16,22)(17,22)(18,22)(19,22)(20,22)(21,22)(22,22)(23,22)(24,22)};
\addplot[pink] coordinates {(0,1018)(1,66)(2,201)(3,106)(4,59)(5,61)(6,22)(7,22)(8,22)(9,22)(10,22)(11,22)(12,22)(13,22)(14,22)(15,22)(16,22)(17,22)(18,22)(19,22)(20,22)(21,22)(22,22)(23,22)(24,22)};
\addplot[pink] coordinates {(0,969)(1,204)(2,122)(3,79)(4,28)(5,28)(6,28)(7,28)(8,28)(9,28)(10,28)(11,28)(12,28)(13,28)(14,28)(15,28)(16,28)(17,28)(18,28)(19,28)(20,28)(21,28)(22,28)(23,28)(24,28)};
\addplot[pink] coordinates {(0,891)(1,406)(2,32)(3,32)(4,32)(5,32)(6,32)(7,32)(8,32)(9,32)(10,32)(11,32)(12,32)(13,32)(14,32)(15,32)(16,32)(17,32)(18,32)(19,32)(20,32)(21,32)(22,32)(23,32)(24,32)};
\addplot[pink] coordinates {(0,704)(1,103)(2,553)(3,26)(4,26)(5,26)(6,26)(7,26)(8,26)(9,26)(10,26)(11,26)(12,26)(13,26)(14,26)(15,26)(16,26)(17,26)(18,26)(19,26)(20,26)(21,26)(22,26)(23,26)(24,26)};
\addplot[pink] coordinates {(0,695)(1,60)(2,70)(3,86)(4,435)(5,18)(6,18)(7,26)(8,22)(9,18)(10,18)(11,18)(12,18)(13,18)(14,18)(15,18)(16,18)(17,18)(18,18)(19,18)(20,18)(21,18)(22,18)(23,18)(24,18)};
\addplot[pink] coordinates {(0,630)(1,719)(2,20)(3,20)(4,20)(5,20)(6,20)(7,20)(8,20)(9,20)(10,20)(11,20)(12,20)(13,20)(14,20)(15,20)(16,20)(17,20)(18,20)(19,20)(20,20)(21,20)(22,20)(23,20)(24,20)};
\addplot[pink] coordinates {(0,544)(1,32)(2,96)(3,702)(4,22)(5,22)(6,22)(7,22)(8,22)(9,22)(10,22)(11,22)(12,22)(13,22)(14,22)(15,22)(16,22)(17,22)(18,22)(19,22)(20,22)(21,22)(22,22)(23,22)(24,22)};
\addplot[pink] coordinates {(0,693)(1,42)(2,90)(3,407)(4,221)(5,18)(6,18)(7,18)(8,18)(9,18)(10,18)(11,18)(12,18)(13,18)(14,18)(15,18)(16,18)(17,18)(18,18)(19,18)(20,18)(21,18)(22,18)(23,18)(24,18)};
\addplot[pink] coordinates {(0,373)(1,80)(2,155)(3,66)(4,24)(5,760)(6,22)(7,22)(8,22)(9,22)(10,22)(11,22)(12,22)(13,22)(14,22)(15,22)(16,22)(17,22)(18,22)(19,22)(20,22)(21,22)(22,22)(23,22)(24,22)};
\addplot[pink] coordinates {(0,702)(1,315)(2,114)(3,322)(4,22)(5,22)(6,22)(7,22)(8,22)(9,22)(10,22)(11,22)(12,22)(13,22)(14,22)(15,22)(16,22)(17,22)(18,22)(19,22)(20,22)(21,22)(22,22)(23,22)(24,22)};
\addplot[pink] coordinates {(0,1007)(1,266)(2,56)(3,56)(4,56)(5,56)(6,56)(7,56)(8,56)(9,56)(10,56)(11,56)(12,56)(13,56)(14,56)(15,56)(16,56)(17,56)(18,56)(19,56)(20,56)(21,56)(22,56)(23,56)(24,56)};
\addplot[pink] coordinates {(0,1048)(1,104)(2,127)(3,32)(4,32)(5,32)(6,32)(7,32)(8,32)(9,32)(10,32)(11,32)(12,32)(13,32)(14,32)(15,32)(16,32)(17,32)(18,32)(19,32)(20,32)(21,32)(22,32)(23,32)(24,32)};
\addplot[pink] coordinates {(0,1190)(1,82)(2,43)(3,101)(4,128)(5,55)(6,26)(7,26)(8,26)(9,26)(10,26)(11,26)(12,26)(13,26)(14,26)(15,26)(16,26)(17,26)(18,26)(19,26)(20,26)(21,26)(22,26)(23,26)(24,26)};
\addplot[pink] coordinates {(0,895)(1,192)(2,128)(3,45)(4,173)(5,24)(6,24)(7,24)(8,24)(9,24)(10,24)(11,24)(12,24)(13,24)(14,24)(15,24)(16,24)(17,24)(18,24)(19,24)(20,24)(21,24)(22,24)(23,24)(24,24)};
\addplot[pink] coordinates {(0,707)(1,538)(2,148)(3,24)(4,24)(5,24)(6,24)(7,24)(8,24)(9,24)(10,24)(11,24)(12,24)(13,24)(14,24)(15,24)(16,24)(17,24)(18,24)(19,24)(20,24)(21,24)(22,24)(23,24)(24,24)};
\addplot[pink] coordinates {(0,1069)(1,72)(2,247)(3,22)(4,22)(5,22)(6,22)(7,22)(8,22)(9,22)(10,22)(11,22)(12,22)(13,22)(14,22)(15,22)(16,22)(17,22)(18,22)(19,22)(20,22)(21,22)(22,22)(23,22)(24,22)};
\addplot[pink] coordinates {(0,1139)(1,114)(2,59)(3,95)(4,22)(5,22)(6,22)(7,22)(8,22)(9,22)(10,22)(11,22)(12,22)(13,22)(14,22)(15,22)(16,22)(17,22)(18,22)(19,22)(20,22)(21,22)(22,22)(23,22)(24,22)};
\addplot[pink] coordinates {(0,1275)(1,18)(2,18)(3,18)(4,18)(5,18)(6,18)(7,18)(8,18)(9,18)(10,18)(11,18)(12,18)(13,18)(14,18)(15,18)(16,18)(17,18)(18,18)(19,18)(20,18)(21,18)(22,18)(23,18)(24,18)};
\addplot[pink] coordinates {(0,1105)(1,96)(2,74)(3,107)(4,77)(5,22)(6,22)(7,22)(8,22)(9,22)(10,22)(11,22)(12,22)(13,22)(14,22)(15,22)(16,22)(17,22)(18,22)(19,22)(20,22)(21,22)(22,22)(23,22)(24,22)};
\addplot[pink] coordinates {(0,785)(1,124)(2,97)(3,356)(4,22)(5,22)(6,22)(7,22)(8,22)(9,22)(10,22)(11,22)(12,22)(13,22)(14,22)(15,22)(16,22)(17,22)(18,22)(19,22)(20,22)(21,22)(22,22)(23,22)(24,22)};
\addplot[pink] coordinates {(0,1171)(1,54)(2,54)(3,51)(4,67)(5,18)(6,18)(7,18)(8,18)(9,18)(10,18)(11,18)(12,18)(13,18)(14,18)(15,18)(16,18)(17,18)(18,18)(19,18)(20,18)(21,18)(22,18)(23,18)(24,18)};
\addplot[pink] coordinates {(0,1193)(1,60)(2,20)(3,20)(4,20)(5,20)(6,20)(7,20)(8,20)(9,20)(10,20)(11,20)(12,20)(13,20)(14,20)(15,20)(16,20)(17,20)(18,20)(19,20)(20,20)(21,20)(22,20)(23,20)(24,20)};
\addplot[red] coordinates {(0,843.52)(1,218.58)(2,150.64)(3,117.04)(4,61.82)(5,54.08)(6,25.1)(7,35.5)(8,23.76)(9,23.68)(10,23.68)(11,23.68)(12,23.68)(13,23.68)(14,23.68)(15,23.68)(16,23.68)(17,23.68)(18,23.68)(19,23.68)(20,23.68)(21,23.68)(22,23.68)(23,23.68)(24,23.68)};
