\addplot[pink] coordinates {(0,10299)(1,21259)(2,514)(3,376)(4,340)(5,357)(6,301)(7,366)(8,602)(9,366)(10,328)(11,301)(12,122)(13,249)(14,535)(15,339)(16,304)(17,421)(18,242)(19,122)(20,122)(21,122)(22,122)(23,122)(24,122)};
\addplot[pink] coordinates {(0,29638)(1,364)(2,372)(3,469)(4,362)(5,228)(6,676)(7,265)(8,271)(9,218)(10,235)(11,882)(12,340)(13,290)(14,130)(15,288)(16,340)(17,230)(18,130)(19,219)(20,315)(21,304)(22,401)(23,386)(24,450)};
\addplot[pink] coordinates {(0,26736)(1,386)(2,710)(3,148)(4,241)(5,470)(6,401)(7,1945)(8,392)(9,438)(10,437)(11,1544)(12,571)(13,271)(14,916)(15,320)(16,130)(17,427)(18,293)(19,416)(20,130)(21,130)(22,398)(23,130)(24,356)};
\addplot[pink] coordinates {(0,9445)(1,19358)(2,480)(3,1959)(4,529)(5,306)(6,1051)(7,396)(8,1246)(9,198)(10,120)(11,290)(12,332)(13,391)(14,365)(15,246)(16,382)(17,390)(18,250)(19,318)(20,346)(21,120)(22,201)(23,120)(24,120)};
\addplot[pink] coordinates {(0,30863)(1,616)(2,294)(3,286)(4,760)(5,307)(6,300)(7,318)(8,611)(9,134)(10,134)(11,347)(12,326)(13,134)(14,187)(15,252)(16,328)(17,292)(18,546)(19,330)(20,132)(21,132)(22,272)(23,225)(24,386)};
\addplot[pink] coordinates {(0,14485)(1,968)(2,16030)(3,205)(4,189)(5,401)(6,273)(7,281)(8,370)(9,505)(10,550)(11,122)(12,302)(13,403)(14,293)(15,393)(16,302)(17,258)(18,248)(19,341)(20,122)(21,338)(22,126)(23,468)(24,118)};
\addplot[pink] coordinates {(0,7835)(1,1405)(2,409)(3,841)(4,22306)(5,398)(6,379)(7,496)(8,260)(9,500)(10,343)(11,265)(12,327)(13,271)(14,285)(15,124)(16,124)(17,124)(18,124)(19,124)(20,124)(21,124)(22,124)(23,124)(24,124)};
\addplot[pink] coordinates {(0,26259)(1,504)(2,1674)(3,766)(4,613)(5,379)(6,250)(7,515)(8,352)(9,1316)(10,120)(11,314)(12,222)(13,2310)(14,233)(15,426)(16,318)(17,224)(18,242)(19,546)(20,293)(21,319)(22,114)(23,114)(24,196)};
\addplot[pink] coordinates {(0,30986)(1,461)(2,232)(3,382)(4,401)(5,326)(6,966)(7,324)(8,362)(9,215)(10,237)(11,282)(12,248)(13,368)(14,319)(15,122)(16,341)(17,239)(18,229)(19,220)(20,241)(21,310)(22,193)(23,122)(24,208)};
\addplot[pink] coordinates {(0,16811)(1,439)(2,431)(3,14247)(4,309)(5,253)(6,608)(7,390)(8,258)(9,481)(10,406)(11,290)(12,220)(13,222)(14,249)(15,448)(16,340)(17,312)(18,964)(19,219)(20,317)(21,219)(22,146)(23,146)(24,146)};
\addplot[pink] coordinates {(0,21997)(1,507)(2,6813)(3,402)(4,334)(5,383)(6,134)(7,307)(8,355)(9,363)(10,420)(11,771)(12,250)(13,393)(14,134)(15,259)(16,337)(17,384)(18,691)(19,134)(20,134)(21,560)(22,323)(23,353)(24,120)};
\addplot[pink] coordinates {(0,30981)(1,338)(2,146)(3,369)(4,500)(5,398)(6,428)(7,300)(8,650)(9,407)(10,368)(11,376)(12,368)(13,309)(14,432)(15,304)(16,233)(17,361)(18,344)(19,440)(20,342)(21,370)(22,208)(23,130)(24,420)};
\addplot[pink] coordinates {(0,25543)(1,2791)(2,1912)(3,338)(4,806)(5,763)(6,372)(7,130)(8,489)(9,373)(10,364)(11,368)(12,300)(13,456)(14,362)(15,341)(16,417)(17,260)(18,355)(19,410)(20,126)(21,271)(22,126)(23,126)(24,247)};
\addplot[pink] coordinates {(0,14949)(1,933)(2,3275)(3,6270)(4,902)(5,281)(6,134)(7,134)(8,283)(9,358)(10,467)(11,134)(12,377)(13,456)(14,2002)(15,3546)(16,357)(17,390)(18,304)(19,374)(20,128)(21,330)(22,128)(23,457)(24,387)};
\addplot[pink] coordinates {(0,10254)(1,3797)(2,481)(3,15060)(4,158)(5,1451)(6,132)(7,132)(8,390)(9,342)(10,422)(11,350)(12,377)(13,230)(14,383)(15,392)(16,426)(17,438)(18,132)(19,358)(20,145)(21,382)(22,777)(23,408)(24,145)};
\addplot[pink] coordinates {(0,20142)(1,682)(2,1691)(3,400)(4,5090)(5,922)(6,3135)(7,368)(8,428)(9,270)(10,411)(11,372)(12,134)(13,1023)(14,392)(15,126)(16,375)(17,372)(18,333)(19,364)(20,126)(21,563)(22,126)(23,358)(24,377)};
\addplot[pink] coordinates {(0,11290)(1,13490)(2,507)(3,534)(4,2864)(5,3810)(6,312)(7,325)(8,278)(9,140)(10,390)(11,600)(12,298)(13,464)(14,243)(15,140)(16,425)(17,342)(18,136)(19,136)(20,313)(21,268)(22,413)(23,328)(24,177)};
\addplot[pink] coordinates {(0,30947)(1,294)(2,349)(3,330)(4,312)(5,425)(6,825)(7,321)(8,614)(9,426)(10,288)(11,313)(12,392)(13,288)(14,294)(15,294)(16,278)(17,472)(18,363)(19,343)(20,369)(21,436)(22,354)(23,126)(24,337)};
\addplot[pink] coordinates {(0,16727)(1,1317)(2,9072)(3,362)(4,436)(5,554)(6,437)(7,459)(8,2672)(9,213)(10,547)(11,286)(12,251)(13,144)(14,144)(15,144)(16,441)(17,144)(18,316)(19,144)(20,215)(21,377)(22,144)(23,1145)(24,429)};
\addplot[pink] coordinates {(0,23252)(1,2351)(2,1974)(3,348)(4,375)(5,732)(6,1463)(7,405)(8,398)(9,351)(10,455)(11,912)(12,326)(13,275)(14,358)(15,140)(16,195)(17,1064)(18,140)(19,438)(20,268)(21,354)(22,366)(23,140)(24,402)};
\addplot[pink] coordinates {(0,15607)(1,8703)(2,548)(3,2007)(4,282)(5,134)(6,5773)(7,362)(8,266)(9,374)(10,120)(11,331)(12,338)(13,236)(14,120)(15,167)(16,372)(17,120)(18,289)(19,120)(20,258)(21,360)(22,120)(23,282)(24,302)};
\addplot[pink] coordinates {(0,25527)(1,3729)(2,299)(3,364)(4,355)(5,333)(6,377)(7,254)(8,401)(9,236)(10,363)(11,216)(12,329)(13,505)(14,394)(15,507)(16,380)(17,749)(18,467)(19,805)(20,138)(21,227)(22,349)(23,283)(24,189)};
\addplot[pink] coordinates {(0,7870)(1,20600)(2,316)(3,1900)(4,342)(5,1614)(6,248)(7,352)(8,426)(9,372)(10,410)(11,596)(12,251)(13,311)(14,267)(15,294)(16,174)(17,287)(18,295)(19,311)(20,173)(21,334)(22,114)(23,114)(24,114)};
\addplot[pink] coordinates {(0,20268)(1,295)(2,11486)(3,458)(4,343)(5,754)(6,321)(7,295)(8,272)(9,306)(10,267)(11,340)(12,118)(13,315)(14,332)(15,118)(16,306)(17,118)(18,239)(19,221)(20,349)(21,393)(22,243)(23,329)(24,118)};
\addplot[pink] coordinates {(0,25266)(1,672)(2,468)(3,2961)(4,275)(5,746)(6,431)(7,359)(8,122)(9,626)(10,310)(11,774)(12,536)(13,281)(14,381)(15,884)(16,298)(17,426)(18,297)(19,300)(20,731)(21,592)(22,478)(23,122)(24,286)};
\addplot[teal] coordinates {(0,20811.08)(1,3586.98)(2,1777.44)(3,1451.74)(4,1081.0)(5,1145.2)(6,855.68)(7,458.62)(8,742.4)(9,365.42)(10,381.38)(11,416.74)(12,435.14)(13,528.28)(14,787.32)(15,420.3)(16,336.34)(17,444.04)(18,303.8)(19,306.08)(20,296.3)(21,313.06)(22,281.12)(23,300.7)(24,344.9)};
