\addplot[lime] coordinates {(0,7585)(1,1198)(2,6900)(3,2344)(4,5386)(5,2882)(6,528)(7,777)(8,812)(9,109)(10,442)(11,211)(12,312)(13,149)(14,184)(15,181)(16,453)(17,431)(18,247)(19,231)(20,208)(21,265)(22,702)(23,450)(24,278)};
\addplot[lime] coordinates {(0,1749)(1,1658)(2,5079)(3,1166)(4,5983)(5,3585)(6,1544)(7,1317)(8,1457)(9,1984)(10,402)(11,1345)(12,945)(13,315)(14,419)(15,284)(16,147)(17,374)(18,446)(19,408)(20,176)(21,218)(22,355)(23,110)(24,145)};
\addplot[lime] coordinates {(0,742)(1,6651)(2,1449)(3,867)(4,2809)(5,403)(6,1097)(7,837)(8,120)(9,640)(10,489)(11,222)(12,1336)(13,1429)(14,697)(15,774)(16,748)(17,703)(18,234)(19,205)(20,107)(21,593)(22,198)(23,553)(24,403)};
\addplot[lime] coordinates {(0,2294)(1,3038)(2,1114)(3,2430)(4,1499)(5,925)(6,1093)(7,748)(8,1043)(9,242)(10,309)(11,486)(12,164)(13,564)(14,554)(15,229)(16,205)(17,695)(18,182)(19,317)(20,127)(21,368)(22,176)(23,193)(24,165)};
\addplot[lime] coordinates {(0,7005)(1,3776)(2,1792)(3,1122)(4,565)(5,1423)(6,1493)(7,702)(8,199)(9,2268)(10,819)(11,230)(12,998)(13,1764)(14,774)(15,1490)(16,192)(17,363)(18,599)(19,165)(20,296)(21,270)(22,495)(23,181)(24,270)};
\addplot[lime] coordinates {(0,1395)(1,847)(2,3926)(3,2048)(4,1927)(5,486)(6,1156)(7,1674)(8,2488)(9,1079)(10,636)(11,990)(12,1345)(13,516)(14,620)(15,1237)(16,798)(17,242)(18,147)(19,894)(20,540)(21,366)(22,342)(23,948)(24,120)};
\addplot[lime] coordinates {(0,1132)(1,892)(2,2459)(3,404)(4,1228)(5,872)(6,629)(7,668)(8,102)(9,309)(10,2426)(11,738)(12,220)(13,381)(14,216)(15,280)(16,508)(17,224)(18,232)(19,180)(20,325)(21,277)(22,161)(23,195)(24,246)};
\addplot[lime] coordinates {(0,675)(1,1998)(2,14255)(3,112)(4,449)(5,1728)(6,1640)(7,728)(8,757)(9,987)(10,431)(11,157)(12,1028)(13,1517)(14,89)(15,412)(16,96)(17,119)(18,777)(19,99)(20,360)(21,128)(22,217)(23,120)(24,82)};
\addplot[lime] coordinates {(0,4837)(1,2478)(2,5000)(3,3428)(4,1531)(5,780)(6,714)(7,2050)(8,921)(9,894)(10,383)(11,544)(12,420)(13,538)(14,305)(15,521)(16,197)(17,264)(18,242)(19,251)(20,478)(21,154)(22,201)(23,99)(24,241)};
\addplot[lime] coordinates {(0,1770)(1,2428)(2,853)(3,519)(4,2590)(5,507)(6,416)(7,319)(8,470)(9,550)(10,156)(11,773)(12,297)(13,765)(14,187)(15,344)(16,100)(17,329)(18,178)(19,66)(20,200)(21,403)(22,333)(23,123)(24,116)};
\addplot[lime] coordinates {(0,753)(1,5177)(2,1647)(3,657)(4,2778)(5,861)(6,2742)(7,138)(8,262)(9,683)(10,870)(11,496)(12,143)(13,143)(14,137)(15,128)(16,783)(17,410)(18,254)(19,335)(20,311)(21,226)(22,171)(23,187)(24,73)};
\addplot[lime] coordinates {(0,913)(1,3309)(2,2710)(3,447)(4,2239)(5,2272)(6,914)(7,1230)(8,1565)(9,1741)(10,259)(11,235)(12,532)(13,159)(14,100)(15,206)(16,141)(17,74)(18,129)(19,199)(20,306)(21,174)(22,461)(23,159)(24,161)};
\addplot[lime] coordinates {(0,653)(1,920)(2,405)(3,3114)(4,1743)(5,593)(6,382)(7,305)(8,2829)(9,739)(10,1900)(11,539)(12,482)(13,634)(14,153)(15,473)(16,117)(17,239)(18,202)(19,362)(20,320)(21,484)(22,222)(23,160)(24,249)};
\addplot[lime] coordinates {(0,1124)(1,3090)(2,18329)(3,4515)(4,3817)(5,878)(6,2346)(7,2684)(8,1703)(9,1712)(10,1292)(11,1699)(12,1333)(13,2035)(14,1075)(15,2591)(16,433)(17,1152)(18,912)(19,481)(20,836)(21,444)(22,671)(23,739)(24,768)};
\addplot[lime] coordinates {(0,19734)(1,1615)(2,3037)(3,1429)(4,333)(5,1694)(6,420)(7,1151)(8,2007)(9,3487)(10,1025)(11,3174)(12,388)(13,435)(14,369)(15,501)(16,227)(17,281)(18,402)(19,265)(20,353)(21,187)(22,463)(23,292)(24,356)};
\addplot[lime] coordinates {(0,4260)(1,528)(2,2385)(3,3306)(4,1111)(5,1602)(6,1345)(7,1401)(8,506)(9,470)(10,1328)(11,260)(12,1477)(13,1957)(14,248)(15,2194)(16,697)(17,350)(18,237)(19,1400)(20,164)(21,344)(22,174)(23,987)(24,288)};
\addplot[lime] coordinates {(0,1262)(1,2332)(2,2002)(3,4316)(4,756)(5,468)(6,2917)(7,2173)(8,749)(9,631)(10,504)(11,506)(12,2018)(13,355)(14,494)(15,312)(16,516)(17,117)(18,71)(19,734)(20,376)(21,186)(22,256)(23,189)(24,427)};
\addplot[lime] coordinates {(0,3283)(1,1903)(2,2603)(3,3809)(4,1371)(5,391)(6,512)(7,1784)(8,505)(9,823)(10,601)(11,974)(12,811)(13,507)(14,634)(15,377)(16,932)(17,505)(18,666)(19,202)(20,362)(21,304)(22,681)(23,331)(24,642)};
\addplot[lime] coordinates {(0,487)(1,490)(2,2228)(3,2019)(4,227)(5,3501)(6,706)(7,548)(8,1296)(9,314)(10,600)(11,994)(12,837)(13,854)(14,276)(15,239)(16,201)(17,251)(18,703)(19,148)(20,167)(21,187)(22,122)(23,61)(24,99)};
\addplot[lime] coordinates {(0,2412)(1,3589)(2,523)(3,1401)(4,3530)(5,456)(6,333)(7,703)(8,198)(9,2235)(10,1142)(11,294)(12,455)(13,1094)(14,276)(15,188)(16,521)(17,300)(18,894)(19,191)(20,278)(21,206)(22,290)(23,145)(24,502)};
\addplot[lime] coordinates {(0,1773)(1,363)(2,1653)(3,3667)(4,2440)(5,380)(6,748)(7,1075)(8,542)(9,296)(10,139)(11,1399)(12,291)(13,247)(14,71)(15,418)(16,130)(17,441)(18,133)(19,172)(20,289)(21,192)(22,114)(23,72)(24,205)};
\addplot[lime] coordinates {(0,560)(1,9103)(2,2505)(3,1071)(4,1209)(5,3832)(6,309)(7,236)(8,1620)(9,1080)(10,415)(11,1201)(12,700)(13,1444)(14,97)(15,357)(16,679)(17,177)(18,183)(19,175)(20,222)(21,61)(22,276)(23,264)(24,195)};
\addplot[lime] coordinates {(0,1715)(1,576)(2,365)(3,1135)(4,2242)(5,2466)(6,206)(7,2715)(8,540)(9,251)(10,433)(11,768)(12,589)(13,582)(14,419)(15,385)(16,242)(17,138)(18,973)(19,848)(20,465)(21,199)(22,183)(23,169)(24,310)};
\addplot[lime] coordinates {(0,4517)(1,2359)(2,3408)(3,1866)(4,606)(5,534)(6,789)(7,213)(8,931)(9,631)(10,256)(11,149)(12,159)(13,1003)(14,273)(15,157)(16,165)(17,844)(18,272)(19,499)(20,76)(21,206)(22,135)(23,152)(24,207)};
\addplot[lime] coordinates {(0,5428)(1,1933)(2,3403)(3,1924)(4,1427)(5,2289)(6,770)(7,1147)(8,941)(9,892)(10,1441)(11,637)(12,2265)(13,53)(14,241)(15,330)(16,1085)(17,635)(18,1189)(19,186)(20,488)(21,91)(22,309)(23,414)(24,125)};
\addplot[teal] coordinates {(0,3308.46)(1,2384.82)(2,2507.54)(3,1818.14)(4,1730.12)(5,1296.68)(6,1126.9)(7,1066.9)(8,992.1)(9,843.86)(10,744.66)(11,756.72)(12,698.34)(13,656.22)(14,379.8)(15,458.78)(16,435.6)(17,363.34)(18,371.42)(19,371.78)(20,346.16)(21,286.0)(22,317.0)(23,293.12)(24,281.44)};
