\addplot[lime] coordinates {(0,21165)(1,9050)(2,1111)(3,5557)(4,1108)(5,7353)(6,3642)(7,3829)(8,1217)(9,1575)(10,7097)(11,1747)(12,2617)(13,6098)(14,1083)(15,1307)(16,1069)(17,1272)(18,607)(19,3666)(20,611)(21,396)(22,920)(23,772)(24,189)};
\addplot[lime] coordinates {(0,3836)(1,11827)(2,6551)(3,8992)(4,2265)(5,1967)(6,1684)(7,4593)(8,5170)(9,1008)(10,1525)(11,626)(12,1207)(13,1686)(14,430)(15,459)(16,1510)(17,1847)(18,1354)(19,542)(20,340)(21,531)(22,420)(23,466)(24,629)};
\addplot[lime] coordinates {(0,2040)(1,994)(2,3209)(3,928)(4,2355)(5,4146)(6,5390)(7,1345)(8,1366)(9,1469)(10,611)(11,2335)(12,3129)(13,2249)(14,1142)(15,1276)(16,1010)(17,1282)(18,785)(19,244)(20,1261)(21,1003)(22,1651)(23,1173)(24,361)};
\addplot[lime] coordinates {(0,1412)(1,5527)(2,4155)(3,4039)(4,2955)(5,3580)(6,5037)(7,504)(8,323)(9,268)(10,1217)(11,2942)(12,488)(13,617)(14,775)(15,580)(16,774)(17,635)(18,1376)(19,151)(20,197)(21,366)(22,220)(23,462)(24,691)};
\addplot[lime] coordinates {(0,940)(1,1984)(2,351)(3,740)(4,12760)(5,683)(6,1571)(7,977)(8,1929)(9,1487)(10,212)(11,2487)(12,326)(13,993)(14,280)(15,303)(16,1250)(17,1628)(18,799)(19,1257)(20,244)(21,624)(22,244)(23,346)(24,407)};
\addplot[lime] coordinates {(0,570)(1,8246)(2,1362)(3,1885)(4,6940)(5,2257)(6,1474)(7,1790)(8,498)(9,1665)(10,2502)(11,630)(12,2582)(13,309)(14,2116)(15,622)(16,534)(17,816)(18,1391)(19,1910)(20,634)(21,2123)(22,310)(23,409)(24,1698)};
\addplot[lime] coordinates {(0,1225)(1,2104)(2,3838)(3,1941)(4,18682)(5,3672)(6,4588)(7,1597)(8,832)(9,827)(10,497)(11,2512)(12,449)(13,935)(14,1045)(15,1206)(16,1360)(17,2505)(18,1557)(19,1787)(20,752)(21,310)(22,389)(23,449)(24,1050)};
\addplot[lime] coordinates {(0,977)(1,3307)(2,2265)(3,10330)(4,2906)(5,899)(6,2880)(7,692)(8,1231)(9,1939)(10,2045)(11,2110)(12,794)(13,2052)(14,3320)(15,2465)(16,610)(17,375)(18,1354)(19,1581)(20,666)(21,1214)(22,625)(23,606)(24,284)};
\addplot[lime] coordinates {(0,4591)(1,8073)(2,14494)(3,8482)(4,2430)(5,2854)(6,7999)(7,3565)(8,1512)(9,1916)(10,2195)(11,471)(12,1437)(13,845)(14,435)(15,805)(16,780)(17,561)(18,164)(19,332)(20,730)(21,552)(22,424)(23,594)(24,916)};
\addplot[lime] coordinates {(0,9252)(1,376)(2,7784)(3,3437)(4,2500)(5,1994)(6,3561)(7,1617)(8,6795)(9,1315)(10,1675)(11,1727)(12,1395)(13,1124)(14,823)(15,1513)(16,1240)(17,622)(18,594)(19,1206)(20,360)(21,314)(22,441)(23,626)(24,1610)};
\addplot[lime] coordinates {(0,10657)(1,8674)(2,8351)(3,15221)(4,12210)(5,1572)(6,996)(7,2566)(8,2342)(9,815)(10,2145)(11,1446)(12,1227)(13,2491)(14,281)(15,662)(16,1366)(17,371)(18,1350)(19,516)(20,569)(21,2125)(22,495)(23,289)(24,413)};
\addplot[lime] coordinates {(0,8836)(1,12456)(2,4062)(3,2127)(4,1495)(5,3932)(6,2943)(7,4870)(8,1018)(9,4168)(10,2002)(11,553)(12,1658)(13,1081)(14,1325)(15,1058)(16,1485)(17,1112)(18,725)(19,818)(20,296)(21,983)(22,435)(23,890)(24,1990)};
\addplot[lime] coordinates {(0,5922)(1,428)(2,949)(3,1533)(4,5494)(5,9243)(6,3751)(7,1557)(8,1916)(9,2330)(10,1378)(11,1093)(12,516)(13,324)(14,1174)(15,650)(16,1112)(17,270)(18,301)(19,359)(20,1057)(21,1149)(22,500)(23,357)(24,553)};
\addplot[lime] coordinates {(0,25509)(1,10673)(2,16547)(3,3517)(4,2826)(5,4223)(6,469)(7,1984)(8,317)(9,1620)(10,1051)(11,928)(12,979)(13,937)(14,489)(15,629)(16,405)(17,936)(18,782)(19,585)(20,297)(21,402)(22,1202)(23,409)(24,438)};
\addplot[lime] coordinates {(0,3966)(1,4754)(2,9562)(3,7715)(4,1029)(5,1062)(6,5452)(7,878)(8,1632)(9,4347)(10,897)(11,1555)(12,2187)(13,1545)(14,1568)(15,883)(16,606)(17,906)(18,329)(19,854)(20,932)(21,744)(22,706)(23,386)(24,790)};
\addplot[lime] coordinates {(0,5118)(1,2192)(2,3517)(3,1813)(4,2080)(5,5039)(6,1879)(7,906)(8,2499)(9,487)(10,814)(11,712)(12,425)(13,694)(14,458)(15,2467)(16,1209)(17,356)(18,237)(19,382)(20,363)(21,1322)(22,942)(23,1183)(24,2191)};
\addplot[lime] coordinates {(0,8073)(1,63518)(2,20232)(3,3044)(4,2917)(5,4371)(6,818)(7,1423)(8,418)(9,445)(10,837)(11,829)(12,545)(13,1706)(14,323)(15,702)(16,383)(17,699)(18,1027)(19,319)(20,428)(21,1674)(22,957)(23,892)(24,160)};
\addplot[lime] coordinates {(0,15382)(1,54086)(2,6906)(3,6691)(4,600)(5,1431)(6,2717)(7,1041)(8,6322)(9,2380)(10,3124)(11,1825)(12,5022)(13,1908)(14,6475)(15,922)(16,1707)(17,537)(18,2465)(19,332)(20,2626)(21,1679)(22,1278)(23,4849)(24,1193)};
\addplot[lime] coordinates {(0,1490)(1,5068)(2,6349)(3,4495)(4,10017)(5,6847)(6,3531)(7,2185)(8,910)(9,899)(10,3023)(11,2605)(12,1204)(13,884)(14,1485)(15,1312)(16,1144)(17,1561)(18,621)(19,727)(20,808)(21,869)(22,1591)(23,1042)(24,489)};
\addplot[lime] coordinates {(0,17344)(1,26315)(2,8592)(3,1795)(4,10404)(5,2439)(6,5597)(7,3320)(8,4704)(9,333)(10,354)(11,1282)(12,708)(13,686)(14,1843)(15,533)(16,1391)(17,843)(18,1208)(19,614)(20,470)(21,504)(22,617)(23,556)(24,534)};
\addplot[lime] coordinates {(0,10384)(1,3413)(2,2211)(3,904)(4,8662)(5,18966)(6,2423)(7,6614)(8,3767)(9,796)(10,1649)(11,1852)(12,2536)(13,1354)(14,504)(15,1394)(16,2532)(17,1733)(18,3792)(19,2324)(20,1303)(21,912)(22,799)(23,1395)(24,824)};
\addplot[lime] coordinates {(0,5075)(1,2701)(2,6780)(3,4898)(4,1116)(5,911)(6,897)(7,3046)(8,1991)(9,3236)(10,921)(11,1830)(12,1175)(13,783)(14,579)(15,371)(16,1654)(17,379)(18,863)(19,351)(20,582)(21,567)(22,1148)(23,238)(24,828)};
\addplot[lime] coordinates {(0,14662)(1,16177)(2,1928)(3,2383)(4,13358)(5,710)(6,1636)(7,2691)(8,576)(9,1072)(10,673)(11,1157)(12,1081)(13,1265)(14,319)(15,784)(16,688)(17,729)(18,538)(19,360)(20,675)(21,587)(22,1083)(23,367)(24,847)};
\addplot[lime] coordinates {(0,12014)(1,3749)(2,1014)(3,1276)(4,4293)(5,3324)(6,934)(7,3434)(8,798)(9,2056)(10,1025)(11,1383)(12,3306)(13,685)(14,562)(15,708)(16,998)(17,754)(18,937)(19,1008)(20,380)(21,633)(22,753)(23,403)(24,386)};
\addplot[lime] coordinates {(0,9802)(1,3301)(2,5297)(3,2260)(4,5679)(5,5124)(6,3353)(7,2294)(8,1418)(9,3112)(10,2526)(11,1208)(12,1381)(13,1399)(14,1490)(15,2153)(16,1134)(17,1019)(18,318)(19,1114)(20,1145)(21,989)(22,295)(23,564)(24,738)};
\addplot[teal] coordinates {(0,7180.98)(1,7808.02)(2,6013.14)(3,4881.78)(4,5097.96)(5,4171.18)(6,3679.2)(7,2948.72)(8,2266.84)(9,1730.02)(10,1735.58)(11,1799.7)(12,1386.92)(13,1457.4)(14,1652.16)(15,1159.82)(16,1185.06)(17,1116.94)(18,1094.98)(19,1013.7)(20,843.16)(21,963.6)(22,727.28)(23,852.44)(24,778.68)};
